18
25
12
12
19
6
4
3
15
141
15
16
14
23
16
52
13
11
23
17
18
7
10
9
11
10
6
8
4
45
62
62
29
26
23
30
21
24
31
27
37
50
21
22
19
73
82
38
25
37
33
48
25
47
35
18
41
57
90
17
35
25
9
32
9
7
11
9
9
9
9
61
32
32
35
20
31
17
29
39
23
46
30
18
34
57
21
17
28
26
16
9
8
24
15
11
7
11
16
11
15
17
12
15
8
121
53
30
43
48
67
40
37
47
25
52
47
82
90
31
37
34
15
53
31
13
36
44
77
36
29
38
25
64
48
94
77
23
27
37
23
40
21
15
38
27
27
14
20
15
21
31
48
37
16
54
78
15
74
69
16
16
19
23
19
17
16
26
14
8
34
54
27
32
10
19
21
16
96
7
7
9
8
10
2
8
5
137
24
22
41
37
52
22
36
24
60
63
29
44
45
30
49
54
29
42
93
48
68
36
70
65
47
10
31
6
58
12
22
13
21
37
24
46
24
13
45
30
53
35
30
44
9
10
9
9
8
11
6
21
22
20
25
16
15
9
5
18
13
15
7
16
11
13
9
111
53
10
39
67
60
31
27
34
11
48
48
12
29
58
8
18
5
6
6
24
18
9
27
38
9
27
25
38
53
9
1
63
21
25
16
15
22
44
18
21
29
33
39
3
48
25
3
22
19
12
5
18
34
6
13
6
13
13
6
13
27
19
23
19
4
12
22
27
20
39
15
29
25
18
23
33
63
23
26
22
10
138
45
33
40
39
14
32
79
112
37
64
89
57
29
39
4
63
31
28
12
42
47
16
51
18
36
32
24
19
51
35
7
48
10
60
17
30
16
21
26
31
36
44
33
33
18
42
15
28
36
55
37
68
41
14
18
36
32
24
42
23
38
28
43
32
28
46
34
28
26
20
13
23
25
29
25
24
25
12
49
140
25
27
17
54
23
69
30
30
51
86
49
57
11
55
15
48
16
27
17
58
93
41
11
23
13
38
12
16
41
21
35
35
22
18
25
29
32
5
27
14
20
20
68
23
31
44
20
14
98
32
21
100
120
142
77
83
76
40
56
19
7
8
10
11
33
39
16
33
28
23
23
29
26
10
37
17
26
25
33
11
2
1
6
22
15
22
26
15
26
5
21
12
44
16
25
15
17
26
7
21
11
15
33
27
45
40
36
6
9
26
18
19
22
23
34
23
18
28
2
26
13
9
9
8
9
11
11
27
18
15
24
50
25
17
18
19
7
25
9
19
13
22
7
5
13
10
11
6
11
9
6
22
33
45
4
9
36
14
32
24
21
21
27
19
35
23
29
35
14
15
7
9
21
13
12
12
7
26
9
7
7
40
71
23
29
15
40
18
34
29
63
28
46
46
46
16
62
30
46
10
101
45
86
22
17
62
56
26
23
22
24
22
23
21
20
27
5
15
21
30
25
27
32
39
73
28
16
23
27
46
24
11
47
42
12
38
43
38
65
59
56
17
127
29
31
108
172
64
110
98
92
10
12
17
18
7
17
14
7
5
6
27
22
20
25
30
20
40
24
24
23
14
17
19
20
26
17
12
13
10
13
30
17
2
4
6
6
6
8
35
37
23
42
73
36
130
70
67
59
26
25
18
22
61
20
24
12
33
53
40
58
30
59
19
16
34
10
20
4
5
15
21
40
25
33
25
34
25
22
30
25
22
24
19
20
18
4
24
37
26
33
29
16
34
17
35
49
52
23
45
4
79
59
11
18
14
13
15
27
59
58
49
23
17
21
22
15
18
14
5
5
25
20
26
22
22
26
8
20
30
31
36
57
26
20
14
13
31
7
24
13
12
23
6
9
13
9
11
12
11
11
20
49
29
28
25
62
56
61
25
57
21
28
14
16
9
39
16
17
17
18
10
11
6
1
18
29
25
59
35
50
42
55
51
4
91
28
45
83
151
52
52
88
102
30
85
34
25
11
10
25
6
12
17
7
18
14
14
8
26
35
23
22
27
140
45
61
89
2
18
57
6
12
17
10
10
10
7
19
9
27
31
48
5
23
29
15
28
111
61
5
33
20
3
74
18
81
131
36
24
134
48
135
46
44
26
3
11
89
30
102
74
48
30
7
7
59
18
21
96
56
55
100
105
10
15
24
6
16
11
14
8
8
63
10
2
51
70
11
11
16
6
21
13
16
8
2
11
7
97
42
16